10101110111110000000
10011110010110111111
11110101110010101100
10111111000101011011
01001101110011011101
01101001001000110101
11011011101110110000
01110101111111010100
00010101110110100000
11000011011101001011
01100010001110111001
00111100101011101110
11101111101110010100
11011010010001100011
11111101001111011010
10111100001010100111
11000001110100000110
01111011110001010000
01111001011000000101
11011111110111000001
11111001100000111100
10001000000001011000
01010110101110010101
01110010011100011011
01111001000101010000
10110010010000111011
00100011010111110111
11110110111011101000
00101000100110101111
00011101011011110000
00000011111000111101
11111011110111011010
10001010000101000010
01000101011000110101
10100111001110111001
11111101000010011001
01110010110100111110
00001100011110110110
10001010001111101010
11101101010010100011
01010000010111100100
01110011111100100010
10111100011100001001
11011100101011011111
01000101001100111100
00011000100000100001
00001110100100010010
11100101100100110011
00110111100111110100
10010110010010101100
11001000001011001110
11101000110111001011
10111000001000111000
00100101100011010111
11000001000100101001
11111010011011010001
01100000110001101010
00011000011001011011
10111001000010101010
11101100101110000011
01111110000001011110
10000010011100000001
11111001011000100111
11100011100011101001
10111110000100001100
01010011001010010100
10101000100011101010
01111011111000110101
00111110001110101000
11011010011110101100
01010101000000000010
00101001000100001011
00110100110000101000
10110100001001110010
11110011111100000100
11111101010101000011
10000111011111100110
01001000100111010101
11001001000001101001
00010100011001100001
11101011010000001010
01010011110110011101
10000000110010110011
11011101111000000010
01101100101000100010
11001110010111010001
00110100110100101000
10110011110001001011
01011010000111010111
10100100001010011000
01000111011001101011
00011111101001110010
11010100000000110100
00011101100101010001
11110011000011001100
11101011010010100010
11001000001011001000
11000011101011001011
00111110110011110010
11100000100110011100
10111111101000100000
11111011011010111110
10101000010100000100
00111110011101111100
11011111001101010100
01111001011010011111
10010001001010100011
01011101110000111010
00001000000010111001
01010101010010000010
10010000000101000000
10010010101010101001
00100100110101111100
01101110101100001111
00001110100001101001
10101010010100100000
00001011001100101000
10100011100001101001
10000000010010010101
00111000111100001110
11111101110111000011
01011101110111100100
10110111010111010001
00110001001010000000
00100101111000010011
11000010110001101000
01011110110001001010
01011100111010101000
00000001000101000101
11100111000011100111
10011111011000010111
01110011101110000101
00001100011001000101
00001100101100100010
00001011101000000011
11101011110111000010
00110000011111011001
00000011111101001110
10110100010110110001
01010111100111001110
10010111011000101110
00110100110111011110
00000111101111001010
10001011110010010001
10001011100111100100
00100101100011100011
10010110001110101011
11010000110100110011
01001000111101011000
00010101100111110110
00011011011000110010
11111101011001010101
11000001100110000101
11110100000010100000
10110000000010011010
11110000101000101001
10000111010100100101
11100100011111101001
01000001001100111111
11100111000000011110
00101000001001110100
11001111011010111011
00101010101010111101
11011001010000111010
01001111101110001010
00111001101000101110
01001000111011110111
10010011011001101000
10001101111111101000
01110100010001001010
01101000000110010000
01011101011010100001
01100101101111110010
10001011011110010101
00001011000110011001
00110110101110000011
11011110111111001010
11101110110111011100
01000001101001011101
01010001100100000101
00010001110111111000
11011000111000000101
11001110101010011000
11011001100001010001
11101010001001111000
01011100011001110110
10000101011100011101
10100110011110111110
00000101111000111110
11011011100110101100
01010001101001010101
11111001010011010101
00100111011000100100
01100001000100110111
10101101001001101011
11001011110110010010
00011101000010101111
10001101100001010011
11001000010101111111
11110000001111100000
01010011000001110011
11101111011010111110
11011110011011010001
10011010100011001011
10010100111010001110
00011010001100110010
00101110101100110101
00010101010111011000
11000000110010000001
10110011000100101001
00101011110001001111
10100001001010011100
10110011010011010111
11001011001010100101
10001111110001011001
01011100101111001110
11110111110100100000
01100110110000100011
11000000011011101111
10110000110101101011
00001111000001010001
11110101001100011000
00110011000111011011
11110010011010100000
01000001110010101110
11100111001100101000
11000100011010001111
01000011000110111100
11111110000001100101
10011100101001110111
10001111000010010000
11000111000101011001
01111101111101101101
01111100110011011000
01110010101101110100
01010101101000011000
11100001110000011001
11010111110101101001
01011000101011010111
00100111110001101011
01110000001000011011
00111001101001111111
00111011110111000101
10101001110000100010
11011100001010111101
10011001110000000100
01101000111010011001
10100100011100000101
01100011011111111110
10001011100010001111
00101010111111010101
11110010111010010010
00101111001101010010
10111101000101010001
01000000101110110110
10101011000111001011
00111011100001101101
00010010101011011110
01000101000011100011
00000011010000110000
01110100001011111011
00101001000000110000
00111111001110101101
10110100001010011001
11101011010011101110
00010111101100111110
01100111101001001110
00010100110011101101
01111001100100011001
00100110001110010100
01000101101101111011
00011000010000111100
00000010101000111110
01010100100101000101
01101110111011111010
01000000011010001000
01011100101001011100
01101010001001010110
11111110101100100010
01010110011111111111
00111100010000001011
11001101001110000000
01001010111011110000
00101000001101101100
01011010111000011101
11101011011110111001
01001111100110101001
01010010101000010001
01011000100110110000
01010100101000111000
00001000100010101101
01011100011100110001
10101000111100010001
10111100101000101011
01111010001010101001
00001101110101110100
11101010001100011000
11101100100110011010
10100100011001110111
10011110110010100010
01110000111100100011
11100011110101101001
00010011111011111111
11101000000100101111
10001010001100000011
10110111101011100000
10000111001101100011
01111001100110000010
01100011100010111011
11001110100100110100
11000010101010100101
00100101101110100101
00101111100011110000
00100110111101100010
11011001001010111000
00101110100101101000
00101010100010101011
01100011110001000111
10000101101111111010
11000111000110000111
01000111101111000111
10101000011111010111
10100001000011011111
01110011110000001111
10010010111110010101
11001000010111101111
10011011001001000100
10110111000010110011
10111011101100010110
00101110001000100101
10011100000110011010
10111100000000001100
01100011001000101100
00110101101001001101
11111111101111101001
11010110110101100000
10100100100110011001
00010000100000101000
10010101111011001101
11100110001001100001
00110100100100001001
01000111100010000000
11101101100010111101
00100111011010001011
00011110110101101110
11011110101100111001
10000101000001010011
01001110101100101010
11100001011001000110
11111001011111011000
10111100011011011011
00010111100101101100
10101000000111001101
00011111000000011011
11111000111010111010
00001000100000101111
11110100100100100000
00100000110010100101
01000011000011000000
00001010010111101101
00011111011101100111
10001011000100000111
11000010001000100001
10111111100011110110
11110000101111111010
11110110011100000111
11010101001101100011
11101011110001011000
10111010011110011000
10000011000001110110
10001010001111010010
00110000000010101111
01001011010111101101
11000101101000100010
10000111101101011010
00111110010111100000
01001010111101110101
10011000111010000101
01011011011010011000
00101110100101100000
10011010001101111110
11010110101000111100
01101101001001101010
00110100100110101010
00000100100001000001
00011001100101110111
11010000110001110101
00101111001101001101
10110011010000110001
01110100111101011111
10101111110010010111
10110000100100101100
00011000100011000001
01010101110011010001
11100000000101110010
11001100110100011001
01101010111011000111
11101101111110111100
11010000110101000100
10101111110111000101
11011100100111101111
00000101011011111110
01010110101101110000
01101001111110010011
01001111100101110000
11101100110111010001
10100011011101111101
11111101101101110101
01110110100100110010
10111010000001101010
10010111010101010011
01001011011010011010
00011100001110001110
01010111000110001011
11100100011101010110
01101101001000000101
11110010110101001101
10010011101001001101
00111111011111000111
11111010111110001111
11010000100110001010
10110000101001000110
01010011110110011001
11000010001100010010
00100101001000111111
11101110110000000100
10010111111001101110
00110011011001000011
00000101110101100000
00011101010010110100
11100011111001001000
00111110011001100111
00010011000111101010
00001100010101010011
10000001001001011110
11101010001011000011
11100001111010101100
11011100111100000010
11110011001011110001
01111110111111100001
11101111111101110010
01101110111110111011
11001101011000101010
00011111111011101100
00001010101100000011
10111100110011100100
00101001011110111100
11000001110011111101
10000000010101100001
11111101001001111111
01001001100111101101
00110110101011001101
01011000010101110101
00111011100110011101
00011011010100001000
01010110011001011011
01001010101010000111
00101101111011100101
10100101100111001011
10111010111101001100
01000001000100101001
11010101100100100000
11100101110010110101
01000101011100110111
10010100010010100010
10100001110101110111
10100000111001011110
10100110101011011000
01111101010001100001
10100001111001100011
01001000110101010111
01010100011001110001
11001010101001000111
10101110111011111101
00010010111000101000
10110010100011111100
11001001110111100110
10100010010010100011
10110100101101010111
01101010100010101100
01011110000001011111
11011010100010111000
00101011111100011111
10000011000010100100
11011001000110111011
11000110001111011111
00011011010110010011
01101110000111010010
11111001111000101101
10000001010100111000
01100100001110101000
01000101110101010100
00001011011001100110
01010000010101011101
11010101001101110101
10100001011100110111
11001111110110110001
00011000001111110010
00111101101110011100
00111111010001111110
